     0.516      0.683      0.689      0.384     0.0199    0.00588      0.036     0.0065      0.873    0.00036     0.0296      0.441      0.917      0.711      0.848        0.2       4.77          0     0.0172      0.771       0.34      0.868     0.0861      0.231      0.918          0       0.01      0.189     0.0748
     0.427      0.743      0.706      0.377     0.0177    0.00698     0.0427    0.00807      0.873    0.00033     0.0251      0.502      0.981      0.768      0.846        0.2       5.63          0     0.0173      0.678      0.339      0.799     0.0861      0.237      0.982          0       0.01      0.193     0.0675
     0.432      0.735      0.689      0.375     0.0204    0.00604     0.0301     0.0065      0.899    0.00043     0.0296      0.356      0.953       0.66       1.06        0.2       4.05          0      0.015      0.771      0.353      0.636     0.0923      0.246      0.493          0       0.01      0.189     0.0776
     0.472      0.718      0.687      0.374     0.0147    0.00562     0.0344    0.00552      0.894    0.00026     0.0213      0.423      0.915      0.621      0.954        0.2        4.8          0     0.0108      0.516      0.414      0.908     0.0887      0.231      0.865          0       0.01      0.217     0.0661
     0.458      0.729      0.684      0.374     0.0214    0.00585     0.0333    0.00678       0.87    0.00036     0.0309      0.386      0.982      0.659      0.921        0.2       4.36          0     0.0172      0.656      0.357      0.815     0.0844      0.224       1.07          0       0.01      0.148     0.0688
     0.436      0.738      0.702       0.37     0.0176    0.00903     0.0426     0.0065      0.891    0.00031     0.0231      0.551       0.85      0.798       1.03        0.2       6.25          0     0.0172      0.537      0.339      0.724     0.0854      0.251       1.07          0       0.01      0.137     0.0404
     0.474       0.73      0.692      0.371     0.0228    0.00694     0.0361    0.00652      0.864    0.00038     0.0323      0.441       0.91      0.794      0.917        0.2       4.27          0     0.0166      0.802      0.306      0.592      0.086      0.278      0.903          0       0.01      0.186     0.0748
     0.473       0.73       0.69      0.371     0.0228     0.0067     0.0348    0.00635      0.864    0.00038     0.0323      0.426      0.906      0.763      0.931        0.2       4.25          0     0.0171      0.812      0.292        0.6     0.0851      0.276      0.872          0       0.01      0.186     0.0758
     0.456      0.729      0.697       0.37     0.0153    0.00801     0.0222    0.00922      0.859     0.0004       0.02      0.354      0.623      0.768      0.887        0.2        6.2          0     0.0173      0.639      0.339      0.561     0.0875       0.33       1.05          0       0.01       0.15     0.0675
     0.511      0.668      0.664      0.372     0.0196    0.00585     0.0356    0.00633       0.87    0.00036     0.0296      0.435      0.917      0.727      0.841        0.2       4.62          0     0.0165      0.754      0.349      0.883     0.0847      0.234      0.929          0       0.01      0.187     0.0746
     0.501      0.723      0.689      0.369      0.022    0.00779     0.0379    0.00594      0.843    0.00034     0.0312      0.473      0.887      0.999      0.721        0.2        4.6          0     0.0144      0.769      0.302      0.786        0.1      0.179       1.15          0       0.01      0.186     0.0775
     0.433      0.739      0.698      0.368     0.0176    0.00722      0.044      0.008      0.874    0.00033     0.0244      0.518      0.981      0.785      0.838        0.2       5.83          0     0.0177      0.685      0.327      0.832     0.0863       0.25      0.995          0       0.01      0.195      0.067
     0.473      0.697      0.675       0.37     0.0199    0.00615     0.0386    0.00576      0.884    0.00036     0.0296      0.468      0.929      0.722      0.897        0.2       4.62          0     0.0155        0.9       0.38          1      0.106       0.21      0.837          0       0.01      0.206     0.0748
     0.468      0.733       0.69      0.368     0.0211    0.00633     0.0346    0.00644      0.876    0.00036     0.0297      0.441      0.859      0.709      0.848        0.2       4.74          0     0.0172      0.785      0.338      0.822     0.0844      0.231      0.858          0       0.01      0.197     0.0718
     0.494      0.687      0.677      0.369       0.02    0.00617      0.039    0.00574      0.884    0.00036     0.0296      0.473      0.926      0.724      0.896        0.2       4.64          0     0.0157        0.9      0.382          1      0.106      0.209      0.837          0       0.01      0.207     0.0736
     0.503      0.702      0.679      0.368     0.0228    0.00547     0.0156     0.0065      0.873    0.00036     0.0335      0.285        0.5      0.722      0.835        0.2       3.87          0     0.0174        0.9      0.314      0.868     0.0861      0.255      0.848          0       0.01      0.169     0.0646
     0.496      0.689      0.676      0.368     0.0204     0.0064     0.0397    0.00586      0.876    0.00033     0.0298      0.501      0.877      0.771      0.852        0.2       4.76          0     0.0137      0.869      0.414       1.03      0.123       0.21      0.892          0       0.01      0.168     0.0748
     0.469       0.72      0.683      0.367     0.0186    0.00581     0.0342     0.0065      0.889    0.00036     0.0265      0.451      0.822      0.703      0.861        0.2       4.13          0     0.0179      0.816      0.285      0.949     0.0966      0.226       0.86          0       0.01      0.164     0.0766
     0.488      0.713      0.683      0.367     0.0269    0.00545     0.0341    0.00725      0.884    0.00041      0.039      0.426      0.884      0.667      0.823        0.2       4.24          0     0.0152      0.798       0.34       0.65     0.0999      0.242      0.879          0       0.01      0.164      0.081
     0.474      0.672      0.671      0.368      0.019    0.00701     0.0344    0.00582      0.883    0.00039     0.0278      0.459      0.808      0.747      0.987        0.2       5.02          0     0.0185      0.841      0.346      0.814     0.0942      0.223       0.97          0       0.01      0.193     0.0687
     0.461      0.726      0.685      0.366     0.0224    0.00666     0.0377    0.00765      0.869    0.00035     0.0304      0.479      0.869      0.727      0.757        0.2       5.42          0      0.017      0.745      0.326      0.962      0.098      0.233      0.854          0       0.01      0.172     0.0748
     0.496      0.718      0.683      0.366     0.0198    0.00594     0.0359    0.00624      0.874    0.00038     0.0274      0.455      0.863      0.676      0.812        0.2       4.74          0     0.0176      0.771      0.337      0.893     0.0849      0.227      0.814          0       0.01      0.208      0.075
     0.478      0.727       0.69      0.365     0.0219    0.00637     0.0366    0.00641      0.873    0.00035     0.0304      0.441      0.929       0.69      0.848        0.2          5          0     0.0174      0.764      0.348      0.868     0.0872      0.231      0.903          0       0.01       0.18      0.073
     0.464      0.722      0.681      0.366     0.0224    0.00637      0.028    0.00654      0.861    0.00036     0.0318      0.337      0.924      0.678      0.938        0.2       4.71          0     0.0178      0.631      0.387      0.822     0.0901      0.222      0.975          0       0.01      0.133     0.0664
     0.474      0.727      0.689      0.365      0.026    0.00688     0.0401    0.00765       0.87    0.00041     0.0352      0.489      0.917      0.711      0.804        0.2       5.66          0     0.0182       0.88      0.376      0.909     0.0914      0.245      0.861          0       0.01      0.165     0.0862
     0.483      0.712      0.687      0.365     0.0192    0.00745     0.0394    0.00817      0.877    0.00031     0.0254      0.487        0.9      0.783      0.784        0.2        5.7          0     0.0173      0.679      0.335      0.823     0.0905       0.23       1.01          0       0.01      0.181      0.074
     0.475      0.725      0.685      0.365     0.0216     0.0066     0.0364    0.00689      0.871    0.00036     0.0304      0.435      0.938      0.723      0.906        0.2       4.59          0     0.0167      0.771      0.361      0.876      0.085      0.229      0.894          0       0.01      0.188     0.0778
     0.506      0.708      0.676      0.366     0.0202    0.00546     0.0254     0.0061      0.892    0.00036     0.0288      0.278       1.05      0.829      0.601        0.2       4.15          0     0.0137        0.9      0.273      0.854      0.112      0.251      0.675          0       0.01      0.189     0.0943
     0.462      0.726      0.687      0.364     0.0214    0.00632     0.0371    0.00659      0.871    0.00036     0.0298      0.442      0.946      0.694      0.857        0.2       4.77          0      0.017      0.775      0.352      0.858     0.0856      0.228      0.924          0       0.01      0.189     0.0762
     0.452      0.723       0.69      0.363     0.0195    0.00817     0.0498    0.00984      0.873    0.00033     0.0252      0.583      0.986      0.768      0.872        0.2       6.31          0     0.0116      0.581      0.341      0.766      0.089      0.233      0.973          0       0.01      0.178     0.0741
     0.492      0.711      0.679      0.364     0.0209    0.00547      0.035    0.00608      0.878    0.00036     0.0296      0.479      0.771      0.653      0.835        0.2       4.33          0     0.0172      0.712      0.368       0.82     0.0844       0.22      0.842          0       0.01      0.189     0.0756
     0.454      0.727      0.679      0.364     0.0214    0.00554     0.0374    0.00593      0.876    0.00035     0.0302      0.461      0.898      0.624       0.93        0.2       4.24          0     0.0161      0.749      0.332      0.868     0.0781      0.253       0.86          0       0.01      0.189     0.0748
     0.447      0.734      0.688      0.363     0.0188     0.0086      0.034    0.00807      0.873    0.00035     0.0251      0.409      0.936       0.85      0.882        0.2       5.77          0     0.0191      0.642      0.329      0.687     0.0861      0.231      0.939          0       0.01      0.184     0.0642
     0.474      0.715      0.669      0.365     0.0148    0.00497       0.04    0.00583      0.855     0.0005     0.0221      0.468       0.99      0.722      0.695        0.2       4.15          0     0.0205      0.728      0.311       1.06      0.113      0.186      0.674          0       0.01      0.165     0.0524
     0.512      0.715      0.685      0.363     0.0171     0.0046     0.0329    0.00717      0.873    0.00033     0.0245       0.41      0.895      0.673      0.681        0.2       3.92          0     0.0144      0.771        0.3       1.03     0.0861      0.211      0.906          0       0.01      0.161     0.0635
     0.476      0.728      0.689      0.361     0.0186    0.00771     0.0429    0.00788      0.873    0.00035     0.0251      0.508      0.961      0.806      0.855        0.2        5.3          0     0.0173      0.667      0.339      0.764     0.0911      0.241      0.939          0       0.01      0.201     0.0644
      0.45      0.731      0.687      0.361     0.0209     0.0064     0.0411    0.00699      0.852    0.00038     0.0288      0.444        1.1      0.678       0.91        0.2       4.77          0     0.0175        0.9      0.347      0.868      0.101      0.252      0.939          0       0.01      0.175     0.0708
     0.512      0.702      0.668      0.363     0.0137    0.00499      0.041    0.00515      0.862    0.00051       0.02      0.451       1.08      0.739      0.646        0.2       4.35          0       0.02      0.757      0.333       1.06      0.111      0.186       0.67          0       0.01       0.18     0.0553
     0.471      0.718      0.682      0.361     0.0214    0.00601     0.0367    0.00714      0.882    0.00032     0.0301      0.426      0.981      0.711      0.829        0.2       4.38          0      0.017      0.754      0.367      0.917      0.083      0.228      0.935          0       0.01      0.181      0.067
     0.503      0.682      0.661      0.362       0.02    0.00592     0.0362    0.00651      0.873    0.00036     0.0296      0.442      0.917      0.711      0.847        0.2       4.76          0     0.0172      0.771       0.34      0.868     0.0861      0.231      0.919          0       0.01      0.189     0.0748
     0.502      0.705      0.678       0.36     0.0136    0.00491     0.0408    0.00522      0.861    0.00052       0.02      0.446       1.09      0.722      0.654        0.2       4.29          0     0.0205      0.752      0.333       1.06       0.11      0.191      0.676          0       0.01      0.181     0.0544
     0.463      0.726       0.68      0.359     0.0194      0.005     0.0284    0.00557      0.855    0.00038      0.027      0.346      0.917      0.539       0.85        0.2       4.87          0     0.0159      0.554      0.235       1.09     0.0906        0.2      0.994          0       0.01      0.217     0.0506
     0.471      0.712      0.677      0.359     0.0227    0.00639     0.0399    0.00602       0.89    0.00036     0.0316      0.458      0.994      0.697      0.896        0.2        4.6          0     0.0153       0.88      0.362      0.908     0.0956      0.211      0.828          0       0.01      0.213     0.0717
     0.454      0.721       0.68      0.358     0.0202    0.00782     0.0411    0.00843       0.88    0.00033     0.0265      0.478      0.983      0.768      0.872        0.2       5.65          0     0.0169      0.728       0.33      0.768     0.0861      0.244      0.982          0       0.01        0.2     0.0636
     0.407      0.732       0.68      0.358     0.0209    0.00569     0.0349    0.00741      0.864    0.00033      0.028      0.391       1.04      0.494       1.03        0.2       5.77          0     0.0173      0.574      0.291      0.695     0.0861      0.194       1.02          0       0.01      0.212     0.0653
     0.471       0.67      0.656       0.36     0.0177    0.00487     0.0326    0.00487      0.884    0.00033     0.0263      0.393      0.929       0.56       1.01        0.2       4.13          0     0.0118      0.775      0.409       1.07      0.101      0.268       0.77          0       0.01      0.211     0.0735
       0.5        0.7      0.681      0.357     0.0193    0.00631     0.0403    0.00553      0.877    0.00035     0.0279       0.51      0.875      0.763      0.781        0.2       5.04          0     0.0135        0.9      0.371      0.987      0.103      0.195      0.837          0       0.01      0.219     0.0772
     0.476      0.716      0.678      0.357     0.0212    0.00616     0.0416    0.00652       0.87    0.00036     0.0296      0.469       1.02      0.729      0.815        0.2       4.41          0     0.0159      0.789      0.357       0.88     0.0883      0.234      0.826          0       0.01      0.189     0.0776
      0.44      0.681      0.667      0.358     0.0154    0.00716     0.0285    0.00618      0.894    0.00021     0.0213      0.404      0.745      0.691      0.971        0.2       6.51          0    0.00966      0.516      0.444      0.968     0.0756      0.214      0.716          0       0.01      0.222     0.0544
     0.472       0.72      0.676      0.357     0.0212    0.00617     0.0363    0.00646      0.871    0.00036     0.0296      0.442      0.917      0.699      0.847        0.2       4.57          0      0.017      0.771      0.339      0.897     0.0852      0.234      0.911          0       0.01      0.192     0.0756
     0.474      0.712      0.681      0.356     0.0194    0.00757     0.0428    0.00806      0.875    0.00034     0.0255      0.502      0.971      0.786      0.806        0.2       5.65          0     0.0174      0.678      0.355       0.78     0.0864      0.227          1          0       0.01      0.193     0.0661
     0.507      0.694      0.672      0.357     0.0235    0.00588     0.0259    0.00616      0.864    0.00028      0.032      0.427      0.585      0.711      0.662        0.2       5.24          0      0.023       0.69      0.351       0.71     0.0941      0.259      0.918          0       0.01        0.2      0.102
     0.473      0.708      0.671      0.357     0.0225    0.00521     0.0308    0.00721      0.862    0.00036     0.0304      0.383      0.881      0.586      0.716        0.2        5.4          0     0.0151        0.9      0.327      0.861        0.1      0.252      0.953          0       0.01      0.195      0.076
     0.452      0.723      0.679      0.356     0.0212    0.00735     0.0369    0.00731      0.863    0.00032      0.028       0.44      0.947       0.76       0.79        0.2       5.77          0     0.0159      0.814      0.342      0.725     0.0872      0.245      0.982          0       0.01       0.22     0.0671
     0.461      0.664      0.649      0.359     0.0183    0.00501     0.0326    0.00483      0.884    0.00035     0.0271      0.392      0.929      0.573       1.01        0.2       4.17          0     0.0114      0.775      0.403       1.17      0.106      0.261      0.779          0       0.01      0.214     0.0801
      0.45      0.725      0.681      0.355     0.0148    0.00641     0.0316    0.00536      0.891     0.0003       0.02      0.396      0.875      0.646      0.969        0.2       4.83          0     0.0106      0.473       0.39      0.918     0.0963      0.263      0.987          0       0.01      0.226     0.0721
     0.452      0.727      0.686      0.354     0.0154    0.00817     0.0424    0.00956      0.873    0.00037       0.02      0.495      0.981       0.78      0.923        0.2       5.65          0     0.0182      0.718      0.352      0.812     0.0871       0.24        1.3          0       0.01      0.184     0.0821
     0.474      0.723      0.684      0.354     0.0188    0.00734     0.0439    0.00873      0.876    0.00033     0.0251      0.502          1      0.768      0.832        0.2       5.43          0     0.0181      0.679      0.357      0.793     0.0811      0.237      0.987          0       0.01      0.192     0.0668
     0.439       0.73      0.683      0.354     0.0159    0.00663     0.0323    0.00552      0.895    0.00026     0.0217      0.403      0.889      0.644       1.03        0.2       4.89          0     0.0104      0.475      0.409       0.95     0.0943      0.228      0.865          0       0.01      0.206     0.0651
     0.467      0.715      0.676      0.354     0.0278    0.00794     0.0384     0.0065      0.899    0.00026     0.0378       0.53      0.758      0.709       1.06        0.2       5.35          0     0.0206       0.58      0.305      0.847     0.0927      0.235      0.843          0       0.01      0.259     0.0837
     0.476      0.701      0.667      0.355     0.0208    0.00685     0.0388    0.00673      0.873    0.00036     0.0283      0.448       0.98      0.711      0.892        0.2       5.01          0      0.019      0.666      0.292      0.899     0.0863      0.242      0.772          0       0.01      0.173     0.0839
     0.451      0.727      0.679      0.353     0.0191     0.0062     0.0423    0.00625      0.853    0.00039     0.0259      0.542      0.854      0.647      0.912        0.2       4.77          0     0.0205      0.771       0.34      0.944     0.0816      0.236      0.918          0       0.01      0.189      0.074
     0.467      0.713      0.675      0.353     0.0195    0.00716     0.0427    0.00815      0.876    0.00033     0.0257      0.498      0.976      0.719      0.832        0.2       5.64          0     0.0169      0.659      0.337       0.78     0.0849      0.235      0.982          0       0.01      0.186     0.0682
     0.451      0.709      0.673      0.353     0.0227    0.00832     0.0439     0.0095      0.876    0.00033     0.0295      0.549      0.889      0.766      0.908        0.2       6.21          0     0.0173      0.677      0.339      0.714     0.0794      0.199      0.751          0       0.01      0.221     0.0883
      0.47        0.7      0.665      0.353     0.0213    0.00579     0.0346    0.00715      0.862    0.00034     0.0291      0.398      0.985      0.611      0.858        0.2       4.93          0     0.0168      0.748      0.377      0.947      0.089      0.233      0.919          0       0.01      0.198     0.0748
     0.486      0.678      0.656      0.354     0.0202    0.00584     0.0372    0.00596      0.879    0.00037     0.0295      0.456      0.912      0.686       0.87        0.2       4.72          0     0.0159        0.9      0.384       0.97      0.107      0.203      0.844          0       0.01      0.204     0.0747
     0.466      0.711      0.671      0.352     0.0215    0.00651      0.038    0.00696      0.874    0.00037     0.0296      0.473      0.882      0.709      0.861        0.2       4.67          0     0.0167      0.774      0.336      0.864     0.0853      0.238      0.861          0       0.01      0.185     0.0778
     0.458      0.717      0.669      0.352     0.0226    0.00702      0.039    0.00542      0.877    0.00035     0.0311      0.471      0.926      0.741      0.909        0.2       4.83          0     0.0158        0.9      0.376       0.95      0.101       0.21      0.786          0       0.01       0.22     0.0744
     0.493      0.707      0.669      0.352      0.017    0.00522     0.0394     0.0074      0.864    0.00037     0.0235      0.466      0.968      0.768      0.602        0.2       4.26          0     0.0165      0.626      0.356      0.797     0.0985       0.23       1.09          0       0.01      0.163     0.0646
     0.439       0.72      0.667      0.352     0.0156    0.00622     0.0555    0.00386      0.873    0.00061     0.0224      0.539        1.3      0.888      0.688        0.2       4.23          0     0.0245      0.791      0.276       1.25      0.134      0.231      0.801          0       0.01      0.135     0.0502
     0.441      0.729       0.68       0.35       0.02    0.00796      0.043    0.00786      0.873    0.00034     0.0265      0.501      0.981      0.773       0.89        0.2       5.63          0     0.0173      0.672       0.33      0.792     0.0822      0.235      0.955          0       0.01      0.185     0.0675
     0.432      0.722       0.67      0.351     0.0157    0.00593     0.0369    0.00557       0.89    0.00026     0.0213      0.466      0.873      0.613      0.956        0.2       4.58          0    0.00989      0.506      0.425       0.94     0.0891      0.229      0.888          0       0.01       0.22     0.0649
     0.496      0.673      0.647      0.353     0.0234    0.00673     0.0331     0.0061      0.873    0.00037     0.0345      0.398      0.929      0.797      0.848        0.2       4.96          0     0.0208      0.812      0.347      0.993     0.0809      0.246       1.11          0       0.01      0.179     0.0725
     0.418      0.727      0.677      0.349      0.018    0.00646     0.0509    0.00547      0.876    0.00032     0.0228      0.536       1.14      0.645      0.757        0.2       6.29          0     0.0139        0.9      0.267      0.722     0.0678      0.217      0.777          0       0.01      0.155     0.0887
     0.467       0.72      0.674      0.349     0.0158    0.00605     0.0346    0.00552      0.893    0.00025     0.0213      0.438      0.869      0.608      0.923        0.2       5.13          0     0.0112      0.509      0.453      0.892     0.0906      0.235      0.813          0       0.01      0.217     0.0713
     0.411      0.721      0.676      0.348     0.0168    0.00803     0.0326    0.00659        0.9    0.00026     0.0221      0.423      0.828      0.656       1.18        0.2        5.6          0     0.0121      0.611      0.373      0.908     0.0882      0.259      0.757          0       0.01      0.259     0.0612
     0.438      0.721      0.672      0.348     0.0257    0.00582     0.0445     0.0065      0.863    0.00044     0.0342      0.511      0.991      0.565      0.892        0.2       5.35          0     0.0216      0.817       0.41      0.868     0.0693      0.253       0.96          0       0.01      0.189      0.082
     0.446      0.718      0.667      0.348     0.0191    0.00881     0.0381      0.007      0.879    0.00036     0.0251       0.47      0.898      0.853        0.9        0.2       5.66          0     0.0186       0.69      0.329      0.762     0.0914      0.283      0.991          0       0.01      0.181      0.066
     0.441      0.714      0.665      0.348      0.022    0.00784     0.0452    0.00946      0.861    0.00033      0.029      0.498       1.06      0.744      0.901        0.2       5.63          0     0.0204      0.649      0.344      0.754     0.0799      0.245      0.743          0       0.01       0.19     0.0644
     0.449      0.712      0.672      0.347     0.0173    0.00762     0.0465    0.00681      0.896    0.00032     0.0223      0.484       1.15      0.744       0.85        0.2       5.88          0     0.0169       0.71      0.339      0.839     0.0948      0.279       1.04          0       0.01      0.178     0.0675
     0.423      0.724      0.669      0.347     0.0187    0.00709     0.0526    0.00807      0.859    0.00032     0.0248      0.552       1.14      0.677      0.956        0.2       5.19          0     0.0173      0.677      0.334      0.852     0.0865      0.281      0.826          0       0.01      0.192      0.065
     0.468      0.703       0.66      0.348     0.0251    0.00548     0.0373    0.00371      0.871     0.0003     0.0348      0.497      0.794      0.685      0.817        0.2       3.96          0     0.0118      0.775       0.31       1.01     0.0983      0.286       1.04          0       0.01      0.184      0.102
     0.424      0.715      0.666      0.347     0.0165    0.00854     0.0328    0.00935       0.86    0.00033     0.0215      0.385      0.964      0.827      0.846        0.2       6.04          0     0.0106      0.464      0.311      0.799      0.108      0.237      0.809          0       0.01      0.193     0.0561
      0.38      0.716      0.665      0.347     0.0231    0.00468     0.0434    0.00419      0.882    0.00044     0.0329      0.427       1.25      0.448       1.01        0.2       5.34          0    0.00623      0.611      0.403       1.05     0.0882      0.245      0.634          0       0.01      0.232     0.0703
     0.439      0.719      0.672      0.346     0.0161    0.00678     0.0336    0.00568      0.897    0.00024     0.0213      0.419      0.883      0.662      0.956        0.2       5.15          0     0.0119       0.57      0.427      0.954     0.0906      0.239      0.817          0       0.01      0.213     0.0695
     0.432      0.719      0.661      0.347     0.0198     0.0072     0.0452    0.00598      0.892    0.00036     0.0272      0.487        1.1      0.722      0.967        0.2       4.83          0     0.0171        0.9       0.38      0.978      0.106      0.194      0.916          0       0.01      0.181     0.0708
      0.44      0.711      0.664      0.346      0.019    0.00692     0.0392    0.00846      0.877    0.00032     0.0251      0.474      0.928      0.683      0.884        0.2       5.46          0     0.0173      0.742      0.344       0.84     0.0855      0.263      0.889          0       0.01      0.209     0.0638
     0.429      0.711      0.663      0.345     0.0196    0.00822     0.0453    0.00812      0.868    0.00032     0.0254      0.527      0.979      0.785      0.871        0.2       5.75          0     0.0177       0.62      0.333      0.799     0.0819      0.225       1.02          0       0.01      0.196     0.0677
     0.412      0.712      0.662      0.344     0.0216     0.0112     0.0445    0.00785      0.878    0.00028     0.0273      0.492       1.05       1.06      0.846        0.2       6.29          0     0.0212      0.614      0.351      0.859     0.0751      0.263      0.953          0       0.01      0.213      0.071
     0.446      0.647      0.646      0.345     0.0322    0.00727     0.0379    0.00658      0.908    0.00038     0.0467       0.48      0.842      0.662       1.37        0.2        4.4          0     0.0159      0.839      0.457      0.933      0.106      0.354       1.01          0       0.01      0.231      0.105
      0.48      0.694      0.655      0.343     0.0194    0.00537     0.0298    0.00518      0.886    0.00036     0.0272      0.378      0.854      0.652      0.849        0.2       4.08          0     0.0194        0.8      0.339       0.92     0.0911      0.213       1.14          0       0.01       0.17     0.0588
      0.46       0.64      0.632      0.343     0.0221    0.00401     0.0341    0.00776      0.873    0.00039     0.0318      0.417      0.901      0.474      0.772        0.2       4.85          0      0.016      0.841        0.3      0.644     0.0825      0.241      0.878          0       0.01      0.208     0.0816
     0.447      0.706      0.662      0.339     0.0252    0.00563     0.0409    0.00627      0.892    0.00036     0.0336      0.437       1.09      0.564      0.855        0.2       5.29          0     0.0179        0.9      0.343       1.15      0.106      0.246      0.899          0       0.01      0.248     0.0802
     0.516      0.667      0.643      0.341     0.0228    0.00306      0.022    0.00564      0.862    0.00036     0.0318      0.272      0.869      0.524        0.5        0.2       3.91          0     0.0145      0.876      0.268      0.999     0.0667      0.291       1.01          0       0.01      0.219     0.0921
     0.458      0.712      0.671      0.337     0.0154    0.00587     0.0563    0.00807      0.873    0.00037       0.02      0.604       1.11      0.607      0.834        0.2       5.22          0     0.0173      0.495      0.303      0.823     0.0845      0.225       1.35          0       0.01      0.201     0.0801
      0.45      0.693      0.646      0.339     0.0234    0.00634     0.0369     0.0066      0.873    0.00039     0.0323      0.441      0.929      0.653       1.03        0.2       4.24          0     0.0179      0.837      0.311      0.872     0.0861      0.233      0.911          0       0.01      0.184     0.0762
     0.437        0.7      0.649      0.338      0.019    0.00774     0.0358    0.00574       0.89    0.00027     0.0248      0.433      0.912      0.726      0.926        0.2       5.51          0     0.0172      0.792      0.371      0.868     0.0968      0.231      0.971          0       0.01      0.186     0.0837
     0.428      0.721      0.659      0.335     0.0149    0.00536     0.0441    0.00543      0.885    0.00028       0.02      0.427       1.28      0.563      0.954        0.2        4.4          0      0.011      0.516      0.422      0.871     0.0787      0.195      0.802          0       0.01      0.251     0.0651
     0.428      0.707      0.648      0.335       0.02    0.00776     0.0387    0.00536      0.885    0.00033     0.0267       0.45      0.973      0.765       0.94        0.2       5.05          0     0.0158        0.9      0.473      0.883     0.0943      0.209      0.814          0       0.01      0.189     0.0682
     0.359      0.655      0.616      0.337     0.0211    0.00558     0.0204    0.00411      0.901    0.00033     0.0319      0.242       0.92      0.613       1.11        0.2       4.18          0     0.0127      0.775      0.409       1.25      0.108      0.261      0.834          0       0.01      0.224     0.0761
     0.369      0.707      0.648      0.333     0.0236    0.00755     0.0411    0.00423      0.885    0.00048      0.029      0.401       1.24      0.671      0.839        0.2       6.91          0     0.0195        0.9      0.543       0.95      0.128      0.217      0.793          0       0.01      0.238     0.0823
     0.423      0.705      0.648      0.333     0.0228    0.00615     0.0594    0.00465      0.864    0.00036     0.0305      0.649       1.06      0.651      0.923        0.2       4.32          0     0.0206      0.845       0.34      0.673      0.073      0.203      0.918          0       0.01       0.19     0.0658
      0.42      0.705      0.646      0.333     0.0192     0.0056     0.0316    0.00521      0.884    0.00032     0.0259      0.393      0.869      0.564       1.03        0.2       4.29          0     0.0118      0.775      0.404       1.06      0.108      0.327       0.76          0       0.01      0.177     0.0742
     0.412      0.668      0.628      0.334     0.0273    0.00615     0.0351    0.00468      0.908    0.00034     0.0378      0.411      0.944       0.56        1.1        0.2       5.35          0     0.0166        0.9      0.495       0.81      0.116      0.338       1.32          0       0.01      0.355     0.0769
      0.41      0.662      0.626      0.334     0.0329    0.00819     0.0372    0.00731      0.888    0.00041      0.048      0.493      0.797      0.688       1.48        0.2       4.73          0     0.0202        0.9      0.491      0.933     0.0968      0.309      0.831          0       0.01      0.256      0.108
     0.412      0.702      0.638      0.331     0.0172    0.00647     0.0349    0.00544      0.895    0.00026     0.0224      0.418      0.929      0.601      0.954        0.2       5.09          0     0.0103      0.502      0.437      0.967     0.0977      0.229      0.842          0       0.01      0.241      0.066
     0.455      0.698       0.65      0.329     0.0151    0.00506      0.047    0.00357      0.883    0.00025       0.02      0.577      0.915      0.621      0.828        0.2       3.94          0     0.0108      0.381      0.399      0.999      0.111       0.23       0.73          0       0.01      0.204     0.0707
      0.42      0.694       0.64      0.328       0.02    0.00759     0.0488    0.00816      0.871    0.00036     0.0252      0.537       1.06       0.73       0.79        0.2       6.18          0     0.0177      0.664      0.315      0.764     0.0898      0.225       1.05          0       0.01      0.199     0.0717
     0.393      0.706      0.648      0.325     0.0295    0.00668     0.0353    0.00466      0.908    0.00034      0.038      0.412      0.938      0.557       1.11        0.2       5.35          0     0.0166        0.9      0.495      0.796      0.116      0.338       1.33          0       0.01      0.356     0.0773
     0.408      0.657       0.63      0.325     0.0312    0.00586     0.0334    0.00584      0.908    0.00036     0.0439      0.415      0.858      0.524       1.28        0.2       4.59          0     0.0155      0.805      0.455      0.819      0.109      0.445       1.01          0       0.01      0.331     0.0984
     0.437      0.683      0.629      0.322     0.0165    0.00352     0.0386    0.00476      0.891    0.00038     0.0237      0.458      0.952      0.498      0.843        0.2       3.25          0     0.0131      0.605       0.33       1.27       0.11      0.275       0.77          0       0.01      0.183     0.0953
     0.383      0.701      0.637      0.317     0.0314    0.00833     0.0339    0.00584      0.937    0.00037     0.0407      0.463      0.742      0.616       1.53        0.2       4.59          0     0.0155      0.899      0.521      0.843      0.121       0.41      0.861          0       0.01      0.248      0.107
      0.37        0.7      0.631      0.317     0.0372    0.00625     0.0279    0.00566      0.929     0.0003     0.0477       0.32      0.938      0.467       1.31        0.2       5.15          0     0.0152      0.808      0.337      0.914      0.095      0.512      0.954          0       0.01      0.331      0.131
     0.384      0.696      0.632      0.316     0.0342    0.00707     0.0334     0.0054      0.905    0.00036     0.0439      0.411      0.856      0.518        1.4        0.2       4.87          0     0.0148      0.778      0.506      0.848      0.109      0.413       1.08          0       0.01      0.332     0.0984
     0.324      0.654      0.603      0.319     0.0409    0.00549     0.0303    0.00665      0.946    0.00033     0.0592      0.372      0.869      0.523       1.17        0.2       4.47          0     0.0139      0.839      0.264        1.3      0.093      0.364      0.859          0       0.01      0.251      0.116
     0.392      0.685      0.628      0.316     0.0396    0.00681     0.0328    0.00526       0.93    0.00028     0.0507       0.41      0.828       0.55       1.16        0.2       5.11          0     0.0173      0.839      0.354      0.961     0.0947      0.512      0.996          0       0.01      0.334      0.126
     0.429      0.678      0.626      0.315     0.0413     0.0047     0.0355    0.00845      0.929    0.00041     0.0539       0.43      0.871      0.492      0.936        0.2       4.19          0     0.0129      0.719      0.375      0.831     0.0778       0.48       1.03          0       0.01      0.271      0.158
     0.367      0.704      0.633      0.313     0.0334    0.00641     0.0339    0.00601      0.905    0.00036     0.0434      0.415      0.869       0.52       1.27        0.2        4.6          0     0.0159      0.805      0.467      0.818      0.106      0.448      0.998          0       0.01      0.331     0.0988
     0.422      0.647      0.617      0.312     0.0308    0.00566     0.0361    0.00583      0.908    0.00037     0.0423      0.439      0.881      0.503       1.28        0.2       4.49          0     0.0153      0.831      0.447      0.812      0.107      0.449      0.993          0       0.01      0.312     0.0981
     0.401      0.655      0.598      0.314     0.0304    0.00551      0.035    0.00688        0.9    0.00049     0.0427      0.357       1.14      0.542        1.1        0.2       4.51          0     0.0162      0.824      0.495       0.78      0.114      0.445      0.711          0       0.01      0.293     0.0994
     0.424      0.649      0.598      0.314     0.0365    0.00604     0.0305    0.00584      0.936    0.00029       0.05      0.404       0.77      0.543       1.14        0.2       5.08          0     0.0164      0.815      0.355      0.943      0.109      0.495       1.01          0       0.01      0.324      0.125
     0.399      0.643      0.612      0.308     0.0312    0.00557     0.0338    0.00619      0.908    0.00032      0.043      0.418      0.858       0.47       1.41        0.2       4.35          0      0.017      0.786      0.449      0.786        0.1      0.462      0.866          0       0.01       0.38      0.104
     0.312      0.648       0.59      0.304     0.0311    0.00616     0.0272    0.00587      0.896    0.00031     0.0434      0.348      0.814      0.496        1.4        0.2       4.99          0     0.0154      0.888      0.455       0.85      0.118      0.402      0.984          0       0.01      0.286     0.0956
     0.478      0.641      0.586      0.303      0.018    0.00643     0.0543    0.00832      0.893    0.00026     0.0226      0.625      0.981      0.768      0.607        0.2       5.11          0     0.0157      0.491      0.335      0.614     0.0943      0.217      0.972          0       0.01      0.195     0.0744
     0.429      0.629      0.595      0.301     0.0409    0.00469     0.0352    0.00908      0.931    0.00039     0.0564       0.43      0.859       0.49      0.952        0.2       4.44          0     0.0127      0.734       0.38      0.799     0.0797       0.48       1.04          0       0.01      0.272      0.158
     0.392      0.647      0.591        0.3     0.0448    0.00578     0.0481     0.0087      0.942    0.00044     0.0611      0.478       1.17      0.632          1        0.2        3.9          0     0.0125       0.86      0.428       0.99     0.0971       0.54       1.01          0       0.01      0.272      0.195
     0.302       0.69      0.597      0.291     0.0385    0.00728     0.0284    0.00438      0.907    0.00032     0.0477       0.32      0.948      0.454       1.58        0.2       5.37          0     0.0184       0.59      0.304      0.701      0.095      0.602       1.02          0       0.01        0.3      0.176
     0.361      0.622      0.568      0.292     0.0409    0.00463     0.0354    0.00913      0.929    0.00039     0.0567      0.433      0.859      0.488      0.944        0.2       4.46          0     0.0126      0.742      0.384      0.808     0.0799      0.477       1.04          0       0.01      0.271      0.157
     0.399       0.67      0.604      0.286     0.0456    0.00571     0.0369    0.00831      0.942    0.00036     0.0572      0.404      0.995      0.536       1.02        0.2       4.41          0     0.0139       0.75       0.39      0.762      0.104      0.538       1.01          0       0.01      0.279      0.159
      0.41       0.62      0.558      0.287     0.0411    0.00492     0.0381     0.0084      0.936    0.00038     0.0562      0.451      0.894       0.49       1.01        0.2       4.45          0     0.0134      0.746      0.379       0.71     0.0908      0.514       1.02          0       0.01      0.272      0.158
     0.429      0.645      0.591      0.277     0.0463    0.00571     0.0362    0.00821      0.942    0.00036     0.0577      0.399      0.982      0.542       1.01        0.2       4.42          0     0.0136      0.746      0.384      0.767      0.104      0.538       1.02          0       0.01      0.279      0.164
     0.423      0.601      0.559      0.279      0.044    0.00518     0.0359    0.00896      0.946    0.00042      0.058      0.378       1.05      0.542      0.963        0.2       4.27          0     0.0154      0.753      0.352      0.678      0.113      0.534       1.14          0       0.01       0.31      0.186
     0.452      0.611      0.559      0.279     0.0304    0.00424     0.0246    0.00637      0.898    0.00036      0.045      0.315      0.815      0.524      0.962        0.2       3.46          0     0.0149        0.9      0.466      0.912      0.106      0.487       0.52          0       0.01      0.371     0.0971
     0.434      0.625      0.577      0.274     0.0496    0.00564     0.0358    0.00849      0.936    0.00037     0.0613       0.43      0.861      0.526      0.963        0.2       4.55          0     0.0137      0.738      0.386      0.703     0.0923       0.52      0.979          0       0.01      0.269       0.17
     0.425      0.604      0.556      0.274     0.0441    0.00514      0.036    0.00891      0.946    0.00042     0.0587       0.38       1.05      0.544      0.963        0.2       4.27          0     0.0154      0.753      0.355      0.679      0.113      0.533       1.15          0       0.01      0.309      0.186
     0.388      0.652      0.575      0.268     0.0424    0.00495       0.04    0.00957      0.941    0.00046     0.0515      0.426       1.01      0.489          1        0.2       3.96          0     0.0155      0.738      0.416          1      0.101      0.599       1.01          0       0.01      0.525      0.197
     0.401       0.62      0.558      0.269     0.0381    0.00468      0.038     0.0098      0.937    0.00051     0.0496        0.4       1.05      0.511      0.944        0.2       4.03          0      0.015      0.675      0.405       1.02     0.0981      0.616       1.02          0       0.01      0.503      0.195
     0.376      0.648      0.569      0.267     0.0552    0.00502     0.0317     0.0093      0.946    0.00043     0.0682      0.357      0.918      0.467      0.982        0.2       4.42          0     0.0184      0.814      0.258      0.689      0.108      0.546       1.22          0       0.01      0.277      0.201
     0.419      0.593       0.55      0.268     0.0454    0.00475     0.0408     0.0103       0.96    0.00041     0.0576      0.378       1.25      0.518      0.755        0.2       4.88          0     0.0193      0.798      0.382      0.577      0.102      0.512       1.06          0       0.01      0.367      0.186
     0.407      0.636      0.571      0.258     0.0421    0.00501     0.0408    0.00951      0.941    0.00047     0.0505      0.432       1.01      0.496      0.998        0.2       4.07          0     0.0151      0.717      0.408          1      0.102      0.611       1.01          0       0.01      0.511        0.2
     0.314      0.588      0.535      0.259     0.0384    0.00476     0.0344     0.0104      0.942     0.0005     0.0497      0.378      0.983      0.493       1.02        0.2          4          0     0.0149      0.673      0.391       1.04      0.109       0.59       1.03          0       0.01      0.451      0.208
     0.408      0.609      0.539      0.257     0.0545    0.00564     0.0352    0.00896      0.942    0.00045     0.0668      0.345       1.12      0.621      0.824        0.2       4.13          0     0.0156      0.753      0.389      0.568      0.106      0.563       1.12          0       0.01      0.307      0.162
     0.329       0.61      0.539      0.255     0.0323    0.00488     0.0271     0.0096      0.943    0.00051     0.0425      0.297      0.995      0.523          1        0.2       4.01          0     0.0133      0.669        0.4      0.987      0.114      0.606      0.929          0       0.01      0.503      0.208
     0.336      0.574      0.526      0.254     0.0387    0.00473     0.0369       0.01       0.94     0.0005       0.05        0.4          1        0.5          1        0.2          4          0      0.015        0.7        0.4          1        0.1        0.6          1          0       0.01        0.5        0.2
     0.338      0.584      0.523      0.253     0.0387    0.00412     0.0315       0.01      0.952    0.00046       0.05      0.342          1      0.451      0.935        0.2          4          0     0.0183      0.491      0.336      0.885     0.0936      0.707      0.998          0       0.01      0.431      0.184
     0.337      0.577      0.508      0.248     0.0457    0.00513     0.0295    0.00901      0.966    0.00043     0.0584      0.305       1.04      0.557      0.808        0.2       4.63          0     0.0167      0.683      0.327      0.566     0.0955      0.468      0.849          0       0.01      0.395      0.218
      0.32      0.565      0.505      0.242     0.0395    0.00491     0.0368    0.00945      0.934    0.00052       0.05      0.384       1.04      0.526      0.933        0.2        4.1          0     0.0144      0.662      0.401       1.02     0.0932      0.638      0.981          0       0.01      0.494      0.201
     0.316      0.578      0.513      0.239     0.0396    0.00537     0.0383     0.0104      0.919    0.00044     0.0502      0.372       1.16      0.514       1.29        0.2       3.65          0     0.0133      0.684      0.368       1.22      0.132      0.661      0.913          0       0.01      0.581      0.217
     0.321      0.553       0.48      0.233     0.0587    0.00503     0.0345    0.00895      0.937    0.00051     0.0741      0.339       1.12      0.496       1.03        0.2       4.07          0     0.0165      0.491      0.408      0.838      0.102      0.638      0.922          0       0.01      0.587      0.159
     0.452      0.564      0.517      0.221     0.0461    0.00374     0.0319    0.00988      0.962    0.00051     0.0566      0.339       1.01      0.489      0.826        0.2       3.36          0     0.0153      0.743      0.499      0.935      0.115      0.606      0.714          0       0.01      0.525      0.157
